2 0
2 1
3 0
3 1
4 2
4 1
5 3
5 1
6 3
6 1
7 2
7 5
8 0
8 1
9 3
9 0
10 5
10 3
11 3
11 2
12 2
12 7
13 10
13 6
14 6
14 9
15 1
15 14
17 8
17 15
16 10
16 7
19 0
19 1
18 0
18 8
21 18
21 10
20 7
20 11
23 18
23 19
22 6
22 10
25 2
25 15
24 23
24 18
27 23
27 8
26 16
26 22
29 6
29 10
28 18
28 15
31 14
31 25
30 2
30 20
34 25
34 12
35 19
35 12
32 13
32 22
33 1
33 28
38 1
38 24
39 7
39 14
36 25
36 7
37 36
37 16
42 34
42 15
43 31
43 25
40 17
40 18
41 12
41 0
46 39
46 3
47 38
47 23
44 17
44 2
45 34
45 25
51 0
51 31
50 31
50 20
49 37
49 25
48 22
48 50
55 25
55 41
54 14
54 26
53 33
53 1
52 45
52 17
59 42
59 1
58 45
58 25
57 5
57 13
56 25
56 31
63 2
63 41
62 58
62 35
61 12
61 9
60 44
60 30
68 41
68 36
69 7
69 2
70 55
70 44
71 17
71 8
64 12
64 7
65 18
65 35
66 36
66 58
67 70
67 34
76 5
76 3
77 32
77 59
78 58
78 2
79 10
79 13
72 41
72 11
73 31
73 20
74 67
74 42
75 55
75 70
85 15
85 33
84 6
84 10
87 43
87 67
86 10
86 37
81 1
81 49
80 26
80 79
83 35
83 21
82 3
82 48
93 64
93 70
92 58
92 4
95 66
95 82
94 84
94 87
89 17
89 83
88 48
88 75
91 0
91 10
90 58
90 44
98 25
98 50
99 79
99 91
96 12
96 93
97 40
97 35
0 29
0 27
1 43
1 99
